00 ff a2 5d 110 11 10 11 10 11 11 10 11 20 20 21 20 21 20 20 21 20 11 20 11 10 11 20 11 10 20 10 20 21 20 11 20  //1
00 ff 62 9d 123 10 11 10 11 11 10 11 10 21 20 20 21 20 21 20 20 11 20 21 10 11 10 21 10 21 10 11 20 20 21 10 21  //2
00 ff e2 1d 123 11 10 11 10 11 10 11 10 21 20 21 20 20 21 20 21 20 20 21 10 11 10 21 10 11 10 11 20 21 20 11 20  //3
00 ff 22 dd 102 10 11 10 11 10 11 11 10 20 21 20 21 20 20 21 20 11 10 21 10 11 10 21 10 21 20 10 21 20 21 10 21  //4
00 ff 02 fd 123 11 10 11 10 11 10 11 10 21 20 21 20 20 21 20 21 10 11 10 11 10 11 20 11 20 21 20 20 21 20 11 20  //5
00 ff c2 3d 109 10 11 11 10 11 10 11 10 21 20 20 21 20 20 20 20 21 20 11 10 11 10 21 10 11 10 21 20 20 21 10 21  //6
00 ff e0 1f 123 11 10 11 10 11 10 11 10 21 20 21 20 20 21 20 20 21 20 21 10 11 10 11 10 11 10 11 20 21 20 20 21  //7
00 ff a8 57 110 11 10 11 10 11 10 11 11 20 20 21 20 20 20 20 21 20 11 20 11 20 11 10 11 10 21 10 20 11 20 21 20  //8
00 ff 90 6f 102 11 10 11 10 10 11 10 11 20 20 21 20 21 20 20 21 20 11 10 21 10 11 10 11 10 21 20 11 20 20 21 20  //9
00 ff 68 97 109 11 10 11 10 11 10 11 10 21 20 20 21 20 21 20 20 11 20 21 10 21 10 11 10 21 10 11 20 11 20 20 21  //0
00 ff 98 67 123 10 11 10 11 11 10 11 10 21 20 20 21 20 20 21 20 21 10 11 20 20 11 11 10 11 20 20 11 10 21 20 21  //up
00 ff b0 4f 123 11 10 11 10 11 11 10 11 20 20 21 20 21 20 20 21 20 11 20 20 11 11 10 11 10 20 11 11 20 20 21 20  //down
00 ff 30 cf 123 11 10 11 11 10 11 10 11 20 20 21 20 21 20 20 21 10 11 20 21 10 11 10 11 20 21 10 11 20 20 21 20  //menu
00 ff 18 e7 103 10 11 10 11 11 10 11 10 21 20 20 21 20 20 21 20 11 10 11 20 21 10 11 10 21 20 20 11 10 21 20 21  //save
00 ff 7a 85 123 11 10 11 10 11 10 11 10 21 20 20 21 20 21 20 20 11 20 21 20 20 11 20 11 20 11 10 11 10 21 10 21  //recall
00 ff 10 ef 123 10 11 11 10 11 10 11 10 21 20 20 21 20 21 20 20 11 10 11 20 11 10 11 10 21 20 21 10 21 20 20 21  //A
00 ff 38 c7 110 10 11 10 11 10 11 10 11 20 21 20 20 21 20 21 20 11 10 20 21 20 11 10 11 20 21 10 11 10 21 20 20  //V
00 ff 5a a5 102 11 10 11 10 11 11 10 11 20 20 21 20 21 20 20 21 10 21 10 21 20 10 21 10 21 10 21 10 11 20 11 20  //AV
00 ff 42 bd 110 11 11 10 11 10 11 10 11 20 20 20 20 21 20 20 21 10 21 10 10 10 11 20 11 20 11 20 21 20 20 11 20  //D
00 ff 4a b5 123 10 11 10 11 10 10 11 10 20 21 20 21 20 20 21 20 11 20 11 10 21 10 21 10 20 11 20 21 10 21 10 21  //ESC
00 ff 52 ad 123 10 11 10 11 11 10 11 10 21 20 20 21 20 20 21 20 11 20 11 20 11 10 21 10 20 11 20 11 20 21 10 21  //ENTER