
单双通道设置

单画面设置
AA BB 02 01 52 01 32 00 00 00 55 DD 
AA BB 02 01 53 05 07 80 04 38 55 73 
AA BB 02 01 53 06 00 00 00 00 55 B1 



画中画
AA BB 02 01 52 03 03 C0 00 00 55 70 
AA BB 02 01 53 05 07 80 04 38 55 73 
AA BB 02 01 53 06 00 00 00 00 55 B1 
AA BB 02 01 54 05 02 80 01 68 55 9C 
AA BB 02 01 54 06 00 00 00 00 55 B2 


画外画
AA BB 02 01 52 04 00 00 00 00 55 AE 
AA BB 02 01 53 05 03 C0 04 38 55 AF 
AA BB 02 01 53 06 00 00 00 00 55 B1 
AA BB 02 01 54 05 03 C0 04 38 55 B0 
AA BB 02 01 54 06 03 C0 00 00 55 75


=========================================
 AA BB 02 01 25 07 32 00 00 00 55 B6  读当前分辨率


收到的数据
31 35 30 33 32 38 20 74 65 73 74 20 6D 73 74 49 6E 70 75 74 53 69 67 6E 61 6C 48 53 69 7A 65 3D 31 32 38 30 2C 6D 73 74 49 6E 70 75 74 53 69 67 6E 61 6C 56 53 69 7A 65 3D 37 36 38 0D 0A 3E 0D 0A AA BB 02 01 25 07 05 00 03 00 00 37 43 68 65 63 6B 53 75 6D 31 31 3D 30 78 32 0D 0A 20 3E 0D 0A AA BB 02 01 F0 01 4F 4B 00 00 00 8E 


收到的没有用的数据太多了，要改

=====================================================
切换模式

AA BB 02 01 08 09 32 00 00 00 55 9B 


=====================================================
